SHITOMASI 0000 1370 28.234 125 
SHITOMASI 0001 1301 22.879 118 
SHITOMASI 0002 1361 23.150 123 
SHITOMASI 0003 1358 23.761 120 
SHITOMASI 0004 1333 23.124 120 
SHITOMASI 0005 1284 23.794 113 
SHITOMASI 0006 1322 22.887 114 
SHITOMASI 0007 1366 23.382 123 
SHITOMASI 0008 1389 22.304 111 
SHITOMASI 0009 1339 24.374 112 
HARRIS 0000 115 24.675 17 
HARRIS 0001 98 21.891 14 
HARRIS 0002 113 25.872 18 
HARRIS 0003 121 25.283 21 
HARRIS 0004 160 26.245 26 
HARRIS 0005 383 43.887 43 
HARRIS 0006 85 24.515 18 
HARRIS 0007 210 27.759 31 
HARRIS 0008 171 23.110 26 
HARRIS 0009 281 35.215 34 
FAST 0000 1824 1.374 149 
FAST 0001 1832 1.359 152 
FAST 0002 1810 1.337 150 
FAST 0003 1817 1.323 155 
FAST 0004 1793 1.314 149 
FAST 0005 1796 1.335 149 
FAST 0006 1788 1.319 156 
FAST 0007 1695 1.231 150 
FAST 0008 1749 1.330 138 
FAST 0009 1770 1.349 143 
BRISK 0000 2757 52.280 264 
BRISK 0001 2777 47.544 282 
BRISK 0002 2741 47.054 282 
BRISK 0003 2735 46.815 277 
BRISK 0004 2757 47.068 297 
BRISK 0005 2695 48.384 279 
BRISK 0006 2715 47.264 289 
BRISK 0007 2628 45.904 272 
BRISK 0008 2639 47.359 266 
BRISK 0009 2672 47.418 254 
ORB 0000 500 11.478 92 
ORB 0001 500 11.125 102 
ORB 0002 500 13.980 106 
ORB 0003 500 10.774 113 
ORB 0004 500 12.104 109 
ORB 0005 500 11.326 125 
ORB 0006 500 10.820 130 
ORB 0007 500 10.822 129 
ORB 0008 500 10.944 127 
ORB 0009 500 11.354 128 
AKAZE 0000 1351 129.177 166 
AKAZE 0001 1327 124.395 157 
AKAZE 0002 1311 126.649 161 
AKAZE 0003 1351 127.746 155 
AKAZE 0004 1360 126.542 163 
AKAZE 0005 1347 131.722 164 
AKAZE 0006 1363 122.351 173 
AKAZE 0007 1331 120.570 175 
AKAZE 0008 1357 126.590 177 
AKAZE 0009 1331 126.191 179 
SIFT 0000 1438 180.405 138 
SIFT 0001 1371 172.546 132 
SIFT 0002 1380 171.861 124 
SIFT 0003 1335 171.518 137 
SIFT 0004 1305 169.056 134 
SIFT 0005 1370 173.274 140 
SIFT 0006 1396 172.775 137 
SIFT 0007 1382 173.074 148 
SIFT 0008 1463 173.052 159 
SIFT 0009 1422 172.091 137 
