SHITOMASI 0000 1370 33.571 125 4.000
SHITOMASI 0001 1301 27.286 118 4.000
SHITOMASI 0002 1361 37.054 123 4.000
SHITOMASI 0003 1358 24.241 120 4.000
SHITOMASI 0004 1333 26.671 120 4.000
SHITOMASI 0005 1284 24.628 113 4.000
SHITOMASI 0006 1322 25.482 114 4.000
SHITOMASI 0007 1366 33.032 123 4.000
SHITOMASI 0008 1389 27.751 111 4.000
SHITOMASI 0009 1339 31.122 112 4.000
HARRIS 0000 115 28.514 17 6.000
HARRIS 0001 98 28.341 14 6.000
HARRIS 0002 113 27.884 18 6.000
HARRIS 0003 121 26.920 21 6.000
HARRIS 0004 160 27.609 26 6.000
HARRIS 0005 383 49.520 43 6.000
HARRIS 0006 85 26.354 18 6.000
HARRIS 0007 210 30.073 31 6.000
HARRIS 0008 171 45.820 26 6.000
HARRIS 0009 281 34.832 34 6.000
FAST 0000 1824 1.359 149 7.000
FAST 0001 1832 1.422 152 7.000
FAST 0002 1810 1.274 150 7.000
FAST 0003 1817 0.981 155 7.000
FAST 0004 1793 1.365 149 7.000
FAST 0005 1796 1.367 149 7.000
FAST 0006 1788 1.468 156 7.000
FAST 0007 1695 1.311 150 7.000
FAST 0008 1749 1.517 138 7.000
FAST 0009 1770 1.365 143 7.000
BRISK 0000 2757 48.224 264 21.549
BRISK 0001 2777 48.094 282 21.785
BRISK 0002 2741 45.950 282 21.651
BRISK 0003 2735 45.088 277 20.358
BRISK 0004 2757 45.509 297 22.591
BRISK 0005 2695 46.926 279 22.944
BRISK 0006 2715 46.083 289 21.801
BRISK 0007 2628 51.277 272 22.147
BRISK 0008 2639 45.621 266 22.556
BRISK 0009 2672 46.955 254 22.039
ORB 0000 500 12.130 92 57.072
ORB 0001 500 11.091 102 57.227
ORB 0002 500 10.787 106 56.495
ORB 0003 500 10.709 113 55.144
ORB 0004 500 10.940 109 56.744
ORB 0005 500 11.399 125 56.637
ORB 0006 500 10.963 130 56.768
ORB 0007 500 10.987 129 55.430
ORB 0008 500 11.228 127 54.672
ORB 0009 500 12.504 128 54.389
AKAZE 0000 1351 153.774 166 7.729
AKAZE 0001 1327 148.093 157 7.490
AKAZE 0002 1311 144.439 161 7.452
AKAZE 0003 1351 148.424 155 7.575
AKAZE 0004 1360 160.656 163 7.733
AKAZE 0005 1347 154.735 164 7.688
AKAZE 0006 1363 148.493 173 7.739
AKAZE 0007 1331 164.326 175 7.826
AKAZE 0008 1357 150.888 177 7.816
AKAZE 0009 1331 165.950 179 7.886
SIFT 0000 1438 205.714 138 4.985
SIFT 0001 1371 190.223 132 5.090
SIFT 0002 1380 192.558 124 4.939
SIFT 0003 1335 190.512 137 4.731
SIFT 0004 1305 193.479 134 4.720
SIFT 0005 1370 194.536 140 4.684
SIFT 0006 1396 198.317 137 5.408
SIFT 0007 1382 194.436 148 4.622
SIFT 0008 1463 196.721 159 5.520
SIFT 0009 1422 202.290 137 5.625
